3826621467
3826457400
3826531935
3826510787
3826532734
3826611936
3826456914
3826589156
3826593074
3826481403
3826514272
3826557716
3826469209
3826524882
3826558137
3826493895
3826523188
3826609685
3826582757
3826601006
3826469091
3826609935
3826597866
3826541584
3826515312
3826534379
3826549127
3826492657
3826583810
3826589362
3826461445
3826551298
3826465835
3826542305
3826495367
3826467961
3826663546
3826620944
3826711037
3826725798
3826660845
3826629672
3826646695
3826621467
3826704035
3826648419
3826630520
3826710764
3826705963
3826673575
3826676885
3826724806
3826638480
3826650895
3826679846
3826637471
3826628162
3826627298
3826625889
3826720703
3826637996
3826631257
3826668657
